           9
 input                                                                                                  5.00000000    
 dense                                                                                                  3.00000000    
 leakyrelu                                                                                             0.300000012    
 dense                                                                                                  4.00000000    
 leakyrelu                                                                                             0.300000012    
 dense                                                                                                  3.00000000    
 leakyrelu                                                                                             0.300000012    
 dense                                                                                                  2.00000000    
 linear                                                                                                 0.00000000    
   9.99999978E-03
   0.00000000       0.00000000       0.00000000    
   0.00000000       0.00000000       0.00000000       0.00000000    
   0.00000000       0.00000000       0.00000000    
   0.00000000       0.00000000    
 -0.197613403      -8.23814496E-02  0.175742611      0.365209430      0.452169508      -7.46375099E-02 -0.306818277     -0.228995636      -5.18394969E-02  -9.43709835E-02  0.554640889      -1.18621169E-02  0.186815307      0.284669429      0.246360540    
 -0.489184201     -0.191197574      0.271528006      0.139450431     -0.609999418     -0.127682075      0.278069556     -0.121473789     -0.517993867     -0.178177655     -0.422650307      0.281996489    
  -2.61291023E-02 -0.102159932      -3.44734900E-02   1.64917838E-02  0.297567934     -0.351626635      0.111174203       6.57403916E-02  0.140133366     -0.339335918      0.144121468     -0.124267265    
  -6.65467307E-02 -0.605663359     -0.104281560      -6.54900540E-03  0.441418171      0.191429138    
